Server starts, waiting for connection...
Connected by ('127.0.0.1', 57362)
Init OK: {'BATCH_SIZE': 1, 'NUM_RESTARTS': 10, 'RAW_SAMPLES': 1024, 'N_ITERATIONS': 25, 'MC_SAMPLES': 512, 'N_INITIAL': 25, 'SEED': 3, 'PROBLEM_DIM': 10, 'NUM_OBJS': 4}
Initial Sobol X in [0,1]: tensor([[0.0685, 0.2245, 0.6992, 0.0626, 0.3754, 0.0304, 0.1474, 0.3385, 0.2702,
         0.2726],
        [0.6900, 0.3892, 0.7863, 0.6445, 0.2017, 0.6335, 0.0547, 0.0052, 0.7254,
         0.2479],
        [0.9689, 0.0789, 0.5477, 0.5251, 0.6688, 0.8273, 0.3180, 0.0991, 0.4432,
         0.6445],
        [0.3432, 0.3579, 0.4854, 0.9252, 0.2926, 0.7986, 0.9518, 0.7687, 0.8640,
         0.0553],
        [0.8199, 0.0139, 0.8974, 0.6580, 0.5083, 0.5841, 0.1623, 0.5769, 0.5344,
         0.1892],
        [0.5811, 0.2407, 0.9165, 0.6352, 0.3756, 0.1318, 0.3846, 0.8089, 0.5942,
         0.9819],
        [0.4102, 0.1122, 0.0095, 0.0250, 0.1941, 0.0676, 0.7455, 0.8241, 0.3408,
         0.6770],
        [0.0161, 0.8348, 0.5732, 0.0214, 0.5906, 0.9735, 0.0881, 0.6495, 0.4052,
         0.9938],
        [0.2958, 0.4546, 0.7075, 0.5768, 0.7372, 0.3080, 0.7138, 0.7760, 0.5589,
         0.1647],
        [0.2344, 0.1612, 0.3400, 0.5940, 0.2990, 0.0833, 0.2917, 0.8123, 0.9811,
         0.0874],
        [0.9467, 0.2558, 0.8423, 0.8548, 0.8009, 0.7709, 0.9692, 0.0781, 0.7184,
         0.5235],
        [0.9688, 0.8193, 0.4675, 0.8058, 0.5838, 0.4201, 0.7475, 0.7426, 0.6858,
         0.7627],
        [0.2330, 0.5668, 0.1369, 0.3342, 0.9887, 0.2208, 0.8381, 0.1802, 0.8690,
         0.5136],
        [0.8977, 0.6554, 0.5261, 0.4721, 0.3781, 0.9717, 0.0103, 0.7030, 0.1358,
         0.6133],
        [0.0189, 0.4720, 0.1169, 0.2775, 0.6190, 0.2723, 0.8956, 0.3423, 0.5886,
         0.4218],
        [0.1885, 0.4169, 0.0838, 0.7647, 0.2664, 0.1767, 0.8902, 0.2615, 0.5415,
         0.1452],
        [0.5818, 0.6174, 0.0655, 0.2892, 0.9914, 0.5357, 0.6901, 0.8063, 0.5791,
         0.9245],
        [0.8574, 0.3376, 0.7747, 0.5649, 0.4812, 0.4412, 0.8121, 0.9480, 0.0212,
         0.4119],
        [0.6708, 0.4169, 0.7962, 0.4051, 0.2282, 0.3697, 0.5977, 0.8679, 0.5726,
         0.4021],
        [0.2975, 0.9331, 0.4375, 0.0684, 0.8623, 0.1335, 0.4050, 0.0793, 0.9318,
         0.0892],
        [0.0335, 0.4253, 0.9382, 0.7871, 0.7879, 0.1726, 0.3308, 0.5253, 0.7461,
         0.2043],
        [0.5220, 0.8083, 0.2678, 0.5434, 0.3204, 0.0617, 0.0409, 0.0016, 0.5112,
         0.6162],
        [0.6005, 0.1686, 0.1872, 0.1006, 0.8806, 0.4830, 0.6901, 0.1070, 0.0449,
         0.4541],
        [0.5238, 0.0535, 0.7262, 0.3680, 0.7709, 0.2085, 0.8489, 0.0381, 0.7711,
         0.5740],
        [0.4301, 0.6705, 0.6946, 0.8820, 0.4054, 0.3444, 0.4198, 0.9720, 0.9001,
         0.9041]], dtype=torch.float64)
---- Initial Sample 1
Send parameters: {'type': 'parameters', 'values': {'pellet_density': 0.068, 'power_pellets': 0.049, 'small_stop': 0.554, 'med_stop': 0.141, 'large_stop': 0.344, 'sizetwo_grow': 0.12, 'sizefour_grow': 0.196, 'topbot_mix': 0.32, 'long_pieces': 1.216, 'fruit_chance': 0.273}}
Error creating file: name 'csv' is not defined
DeepFace environment is now trying to run.
Server starts, waiting for connection...
Connected by ('127.0.0.1', 57363)
Sending Result Now
Error writing to file: name 'csv' is not defined
Sending Result Now
Error writing to file: name 'csv' is not defined
